B =

ans(:,:,1) =

 Columns 1 through 13:

   120   121   120   120   120   120   120   120   120   120   121   121   121
   158   159   158   158   158   158   159   159   159   159   159   159   159
   139   139   139   139   138   139   139   139   139   139   140   139   140
   139   140   139   139   139   139   140   140   140   140   140   140   140
   124   124   124   124   124   124   123   124   124   124   124   124   124
   154   154   154   154   154   154   154   154   154   154   154   154   155
   140   140   140   140   140   140   140   140   141   140   140   140   140
   114   114   114   113   114   114   114   114   114   114   114   114   114
   164   164   164   163   163   164   164   164   164   164   164   164   164
   116   115   115   115   115   115   115   116   115   115   115   115   115
   162   162   162   162   162   162   162   163   163   163   163   163   163
   115   117   117   116   117   116   117   117   117   116   116   116   117
   162   161   161   161   162   162   162   162   162   162   162   161   162
   127   127   127   127   127   127   127   127   127   127   127   127   127
   153   153   153   153   153   153   153   153   153   153   154   153   154
   125   124   124   124   125   125   124   124   124   125   125   125   125
   154   154   155   154   154   154   154   154   154   154   154   154   153
   121   122   122   121   122   122   122   121   120   122   122   122   122
   153   154   155   154   154   154   154   154   153   154   154   154   154
   140   139   139   139   139   139   139   140   140   140   140   140   140

 Columns 14 through 26:

   121   121   121   121   121   122   122   123   123   124   125   125   126
   159   159   159   159   160   160   160   161   161   162   163   164   164
   139   139   140   140   140   140   141   141   141   142   143   144   145
   140   140   140   140   141   141   141   142   142   143   144   145   145
   124   124   124   124   124   125   125   126   126   127   127   128   128
   155   154   155   155   155   155   156   156   156   157   158   158   158
   140   141   140   141   141   142   142   142   142   143   144   144   145
   114   114   114   115   115   115   116   116   116   117   118   118   119
   164   164   164   165   165   165   166   166   166   167   168   168   169
   115   115   115   115   115   115   116   117   117   117   118   118   118
   163   163   163   163   163   164   164   164   165   165   165   166   166
   117   116   116   118   117   118   118   116   117   120   119   121   116
   162   162   161   161   162   163   163   164   164   164   164   165   165
   127   127   127   127   127   127   127   127   127   128   127   127   126
   154   154   153   154   154   154   154   154   154   155   155   155   155
   125   125   125   125   125   125   125   125   125   124   124   124   123
   154   154   154   154   154   154   154   155   154   154   154   154   154
   122   121   122   122   122   121   122   121   121   121   121   120   118
   154   153   154   154   154   153   153   153   154   154   153   153   153
   140   140   140   140   140   141   141   142   143   143   144   144   147

 Columns 27 through 39:

   127   128   128   127   127   126   126   126   127   126   126   129   133
   165   165   165   165   164   163   163   162   162   161   160   162   163
   145   145   145   145   144   142   141   141   140   139   138   141   143
   147   147   147   147   147   147   147   147   148   148   148   149   152
   129   129   129   130   131   131   131   130   130   130   130   129   132
   159   159   159   160   161   160   160   158   158   157   157   157   155
   146   146   146   147   148   148   148   148   148   148   149   148   151
   120   120   121   121   121   121   120   120   120   120   120   120   121
   170   170   170   170   172   173   174   173   170   166   161   160   159
   119   119   119   119   119   118   118   118   117   117   117   117   118
   166   166   168   171   174   180   187   191   192   180   154   145   147
   116   116   120   118   121   121   119   120   119   119   120   118   117
   165   165   167   168   171   180   186   194   199   185   152   139   141
   126   126   126   127   127   127   127   127   126   127   127   127   127
   155   155   154   154   154   153   153   153   152   153   153   153   152
   123   123   124   125   125   125   124   124   124   125   124   124   124
   154   154   155   154   154   154   154   154   154   153   153   154   153
   117   117   118   119   119   118   118   117   116   116   114   115   111
   152   153   153   152   152   151   150   149   148   147   146   147   142
   147   147   147   147   146   144   144   142   141   141   142   142   143

 Columns 40 through 52:

   128   127   127   126   125   124   125   126   126   128   129   130   129
   158   157   155   155   155   156   156   156   156   160   162   162   165
   136   135   133   133   133   133   134   134   134   138   140   139   143
   150   150   149   149   148   147   148   149   149   150   151   152   150
   132   132   132   131   131   130   131   131   132   132   132   133   132
   156   156   155   156   155   156   156   156   157   158   159   159   160
   151   151   151   151   150   149   150   150   151   151   151   152   151
   122   122   122   120   121   120   119   119   121   122   123   122   123
   161   162   161   159   158   159   160   160   161   165   168   173   174
   118   118   119   118   115   117   117   117   116   119   120   121   120
   162   170   173   165   157   152   152   157   164   172   178   182   185
   118   120   118   117   121   119   118   117   119   120   121   121   120
   160   172   178   167   157   150   148   154   164   173   180   185   185
   127   128   128   126   126   127   127   127   127   127   128   128   128
   151   151   151   152   153   153   153   153   153   153   154   155   155
   124   126   125   124   124   124   124   124   124   125   124   124   124
   152   152   153   153   153   153   153   152   152   153   153   152   153
   112   113   113   112   112   113   113   112   112   114   114   113   115
   141   142   142   142   142   143   143   142   143   144   145   143   146
   143   143   141   141   142   142   143   143   142   142   143   143   144

 Columns 53 and 54:

   130   131
   165   167
   143   145
   150   151
   133   133
   161   161
   151   152
   123   124
   175   175
   120   121
   182   179
   120   121
   180   176
   128   128
   156   157
   125   125
   153   153
   116   116
   147   147
   145   147

ans(:,:,2) =

 Columns 1 through 13:

    80    81    81    81    81    81    81    81    81    81    80    80    81
    82    82    82    82    82    82    82    82    82    82    82    82    82
    75    75    75    75    75    75    75    75    75    75    75    75    75
    99    99    99    99    99    99    99    99    99    99    99    99    99
   121   122   122   122   122   122   122   122   122   122   122   122   122
   122   122   122   122   122   122   122   122   122   122   122   122   122
   120   120   120   120   120   120   120   120   120   120   120   120   120
   108   109   109   109   109   109   109   109   108   109   108   108   109
   110   110   110   111   110   110   110   111   110   110   111   111   110
   139   140   140   140   140   140   140   140   139   140   139   139   140
   141   141   141   141   141   141   141   141   141   141   141   141   141
   146   147   147   147   147   147   147   147   146   147   147   146   147
   148   148   148   149   148   148   149   148   148   148   149   148   148
   182   182   182   182   182   182   182   182   182   182   182   182   182
   182   182   182   182   182   182   182   182   182   182   182   182   182
   223   223   222   222   222   222   222   223   222   223   223   223   222
   225   226   226   225   225   225   225   226   225   225   225   225   225
   233   233   233   232   233   233   233   233   233   233   233   233   233
   234   234   234   234   234   234   234   234   234   234   234   234   234
    46    46    46    46    47    46    46    46    46    46    46    46    46

 Columns 14 through 26:

    81    81    81    81    81    81    81    81    81    81    81    81    81
    82    82    82    82    82    82    82    82    82    82    83    82    83
    75    75    75    75    75    75    75    75    75    75    76    75    75
    99    99    99    99    99    99    99    99    99    99    99    99    99
   122   122   122   122   122   121   121   121   121   121   121   121   121
   122   122   122   122   122   122   122   122   122   123   123   122   123
   120   120   120   120   120   120   120   121   121   121   121   121   120
   109   109   109   109   109   109   109   109   109   109   109   109   108
   110   110   110   110   110   110   110   110   111   111   111   111   111
   140   140   140   140   140   140   140   140   139   140   140   140   139
   141   141   141   141   141   141   141   141   141   141   142   141   142
   147   147   147   147   146   147   146   147   147   146   147   147   146
   148   148   148   148   148   148   148   148   148   148   149   149   149
   182   182   182   182   182   182   182   182   182   182   183   182   182
   182   182   182   182   182   182   182   182   182   182   182   182   183
   223   223   223   223   222   222   223   223   222   223   223   222   223
   225   225   225   226   226   226   226   226   226   226   226   226   226
   233   233   233   233   233   233   233   233   233   233   233   233   233
   234   234   234   234   234   234   234   235   235   235   235   235   235
    46    46    46    46    46    46    46    46    46    46    46    46    46

 Columns 27 through 39:

    81    81    80    81    81    82    82    82    81    81    82    79    75
    82    82    82    82    82    80    80    80    81    80    79    79    79
    75    76    75    75    75    75    75    75    76    75    75    73    71
    99    98    98    98    98    98    98    98    97    97    97    96    94
   120   120   120   121   121   120   119   119   119   119   118   117   115
   122   123   122   123   124   123   122   122   123   122   122   121   120
   120   120   120   120   121   120   120   120   121   120   120   119   118
   108   108   108   108   108   110   110   109   108   108   109   105    98
   110   111   111   110   109   105   100    95    81    77    74    72    68
   139   139   138   139   139   140   140   139   138   138   138   134   127
   141   142   141   140   137   124   111    96    70    57    47    47    41
   146   146   146   146   146   147   147   146   145   145   144   141   134
   148   149   148   147   144   131   114    89    66    50    38    40    34
   181   181   181   180   181   179   179   179   179   179   179   178   176
   182   183   182   183   184   183   183   182   182   182   181   180   179
   223   222   222   222   222   221   221   221   221   221   220   219   218
   226   225   226   226   227   226   226   225   226   225   225   224   222
   233   232   231   231   231   230   229   229   229   229   228   227   224
   234   234   234   235   236   235   235   234   234   233   233   232   229
    46    46    46    46    46    46    46    46    46    45    45    44    44

 Columns 40 through 52:

    81    83    82    85    84    85    85    85    86    83    83    83    82
    76    76    76    76    76    77    78    78    78    78    79    80    80
    73    74    74    75    75    76    76    77    77    75    75    77    75
    95    96    95    97    97    97    98    98    98    98    98    97    98
   117   118   118   119   119   119   120   120   121   120   119   120   119
   120   121   121   122   122   122   123   123   124   123   123   123   123
   119   120   120   121   120   120   121   122   122   121   121   121   121
   107   108   108   110   109   110   110   110   110   108   107   107   107
    66    66    65    66    67    68    67    67    67    71    77    85    97
   136   137   136   138   137   138   139   138   138   136   135   135   135
    37    38    38    38    39    40    40    39    40    46    57    75   111
   143   143   143   145   140   144   145   145   145   143   142   142   142
    28    28    31    30    30    32    32    31    31    39    51    73   115
   176   177   177   179   179   180   180   180   180   180   180   180   180
   180   181   181   182   182   181   182   183   183   183   182   183   182
   219   220   220   221   221   221   221   222   222   222   221   222   223
   223   224   224   225   225   225   226   226   226   226   225   226   226
   224   225   226   227   228   229   229   229   229   229   229   229   230
   231   232   232   232   232   232   233   233   234   234   233   233   234
    44    45    45    46    46    47    47    47    47    45    45    45    46

 Columns 53 and 54:

    81    80
    80    81
    74    74
    98    98
   119   120
   123   125
   121   123
   107   106
   102   107
   135   135
   127   136
   142   142
   134   143
   180   182
   182   184
   222   223
   226   227
   230   232
   233   235
    46    46

ans(:,:,3) =

 Columns 1 through 13:

   669   668   669   669   669   668   670   669   669   667   667   667   667
   670   670   669   669   669   669   668   668   669   668   669   668   669
   646   646   646   645   646   645   645   645   645   644   644   644   644
   694   693   693   693   693   693   693   693   693   693   692   692   692
   661   659   659   660   659   659   659   660   661   658   657   659   658
   658   659   659   659   659   658   658   659   657   657   658   657   659
   690   690   690   690   690   689   690   690   690   689   689   689   689
   667   666   666   666   667   666   666   664   665   666   665   666   667
   671   672   670   670   670   669   669   670   670   670   669   669   670
   655   655   657   655   655   654   654   655   655   653   655   655   654
   654   654   655   654   654   653   655   654   654   654   653   654   654
   658   656   655   659   657   654   658   655   658   658   655   658   655
   653   655   650   655   654   651   654   655   651   651   650   649   650
   676   675   675   675   675   676   675   674   674   675   675   675   676
   676   676   676   675   675   676   675   676   676   676   675   675   676
   698   699   701   702   701   699   699   696   700   697   696   697   699
   685   684   683   686   685   684   685   684   684   684   685   686   684
   656   657   660   661   660   658   658   655   659   656   655   656   658
   643   642   641   644   643   642   643   642   642   642   643   644   642
   637   637   637   636   637   635   636   637   636   637   636   637   636

 Columns 14 through 26:

   667   667   666   667   667   667   668   669   670   670   669   671   672
   669   669   669   668   669   668   668   668   668   668   668   667   668
   644   644   644   644   644   644   644   645   646   645   645   646   646
   692   692   692   692   692   692   692   692   692   692   693   693   695
   657   660   659   659   658   660   660   660   659   659   660   662   663
   660   657   658   658   658   656   657   656   657   658   657   658   660
   690   690   689   689   689   689   689   689   689   690   690   691   692
   667   665   665   665   665   666   668   666   668   668   669   668   672
   670   669   670   669   669   669   669   669   669   669   668   669   668
   654   655   655   655   654   653   654   654   653   654   654   656   659
   654   653   653   652   654   653   652   653   651   652   652   652   653
   655   661   659   657   662   655   658   657   653   647   659   652   658
   650   650   651   649   653   650   653   650   645   647   651   654   649
   675   675   675   676   675   674   674   674   672   670   668   668   667
   675   675   676   675   674   674   674   674   674   675   675   675   675
   698   697   697   696   698   698   697   697   698   693   694   694   692
   684   684   684   684   682   682   682   683   683   683   683   684   686
   656   656   656   655   657   657   656   656   657   652   654   654   651
   642   642   642   642   640   640   641   641   641   641   641   642   644
   638   638   638   637   636   637   638   638   639   639   639   639   639

 Columns 27 through 39:

   674   673   674   676   678   681   684   686   687   690   693   691   697
   667   666   666   667   667   667   667   666   660   658   657   657   649
   647   646   646   648   649   651   652   653   650   651   653   652   652
   695   696   696   697   697   698   700   701   701   700   699   699   698
   667   667   667   669   669   673   675   677   680   682   682   682   689
   659   660   661   661   660   662   662   662   660   658   656   658   649
   694   694   695   696   695   698   699   700   700   700   698   699   695
   673   673   676   677   678   680   684   685   688   692   689   689   689
   669   667   666   664   657   644   628   616   596   593   592   592   585
   659   662   664   666   668   673   675   678   682   682   684   681   680
   655   654   647   634   618   587   564   552   537   531   536   540   532
   660   660   663   671   667   672   670   674   677   682   677   682   683
   653   654   641   630   617   577   549   539   525   520   527   537   528
   667   669   673   677   680   682   683   684   685   683   682   682   684
   675   674   675   675   674   674   674   674   676   677   677   676   673
   688   692   695   697   697   697   697   699   699   697   699   698   697
   685   690   686   686   685   686   686   686   686   685   685   685   687
   648   652   655   656   657   656   657   659   660   659   661   659   663
   644   649   644   644   644   645   644   646   646   646   647   646   653
   641   640   642   642   643   642   644   645   645   648   643   646   649

 Columns 40 through 52:

   700   699   701   701   701   698   697   697   696   694   692   691   689
   650   650   649   652   654   655   653   651   651   653   654   646   660
   655   655   655   657   658   656   655   654   653   652   652   647   652
   695   694   695   696   697   697   696   696   695   695   695   694   697
   685   684   685   683   682   681   680   680   680   679   678   680   676
   647   646   645   645   645   648   646   645   645   648   649   646   654
   692   692   691   690   690   692   690   690   690   691   692   691   695
   686   687   689   694   694   694   687   689   685   682   683   687   685
   586   587   587   590   591   593   592   591   591   591   593   591   617
   685   689   692   700   697   696   686   680   675   672   672   672   674
   530   533   534   536   538   542   541   539   539   537   535   527   561
   681   682   693   700   704   686   689   685   674   665   666   669   674
   521   523   525   525   528   531   531   527   526   524   520   510   546
   689   691   691   685   681   680   680   681   682   680   678   676   675
   673   672   672   673   674   675   675   674   674   673   673   673   674
   699   698   696   697   699   696   699   699   700   696   698   694   690
   686   686   687   686   686   685   684   686   686   685   685   685   684
   665   664   663   663   664   660   664   664   665   659   660   658   651
   652   651   653   651   651   648   647   650   650   647   647   648   644
   651   653   652   649   645   640   641   642   644   647   649   648   645

 Columns 53 and 54:

   689   688
   660   660
   653   652
   698   697
   678   678
   655   656
   696   697
   684   683
   631   644
   678   678
   590   619
   681   679
   583   618
   674   673
   675   677
   692   694
   685   686
   653   655
   645   645
   645   642

ans(:,:,4) =

 Columns 1 through 8:

   1.00000   1.00000   1.00000   1.00000   1.00000   1.00000   1.00000   1.00000
   1.00000   1.00000   1.00000   1.00000   1.00000   1.00000   1.00000   1.00000
   0.00000   0.00000   0.00000   0.00000   0.00000   0.00000   0.00000   0.00000
   0.00000   0.00000   0.00000   0.00000   0.00000   0.00000   0.00000   0.00000
   1.00000   1.00000   1.00000   1.00000   1.00000   1.00000   1.00000   0.75962
   0.97115   1.00000   1.00000   0.91346   1.00000   1.00000   0.93269   0.76923
   0.00000   0.00000   0.00000   0.00000   0.00000   0.00000   0.00000   0.00000
   1.00000   1.00000   1.00000   1.00000   1.00000   1.00000   1.00000   1.00000
   1.00000   1.00000   1.00000   1.00000   1.00000   1.00000   1.00000   1.00000
   1.00000   1.00000   1.00000   1.00000   1.00000   1.00000   1.00000   1.00000
   1.00000   1.00000   1.00000   1.00000   1.00000   1.00000   1.00000   1.00000
   0.45914   0.56010   0.72837   0.59375   0.79567   0.59375   0.71154   0.61058
   0.74519   0.87981   0.87981   0.87981   0.77885   0.77885   0.74519   0.84615
   1.00000   1.00000   1.00000   1.00000   1.00000   1.00000   1.00000   1.00000
   1.00000   1.00000   1.00000   1.00000   1.00000   1.00000   1.00000   1.00000
   1.00000   1.00000   1.00000   1.00000   1.00000   1.00000   1.00000   1.00000
   1.00000   1.00000   1.00000   1.00000   1.00000   0.99423   1.00000   1.00000
   0.00000   0.00000   0.00000   0.00000   0.00000   0.00000   0.00000   0.00000
   0.00000   0.00000   0.00000   0.00000   0.00000   0.00000   0.00000   0.00000
   1.00000   1.00000   1.00000   1.00000   1.00000   1.00000   1.00000   1.00000

 Columns 9 through 16:

   1.00000   1.00000   1.00000   1.00000   1.00000   1.00000   1.00000   1.00000
   1.00000   1.00000   1.00000   1.00000   1.00000   1.00000   1.00000   1.00000
   0.00000   0.00000   0.00000   0.00000   0.00000   0.00000   0.00000   0.00000
   0.00000   0.00000   0.00000   0.00000   0.00000   0.00000   0.00000   0.00000
   1.00000   1.00000   1.00000   1.00000   1.00000   1.00000   1.00000   1.00000
   0.98077   1.00000   1.00000   1.00000   1.00000   1.00000   0.79808   1.00000
   0.00000   0.00000   0.00000   0.00000   0.00000   0.00000   0.00000   0.00000
   1.00000   1.00000   1.00000   1.00000   1.00000   1.00000   1.00000   1.00000
   1.00000   1.00000   1.00000   1.00000   1.00000   1.00000   1.00000   1.00000
   1.00000   1.00000   1.00000   1.00000   1.00000   1.00000   1.00000   1.00000
   1.00000   1.00000   1.00000   1.00000   1.00000   1.00000   1.00000   1.00000
   0.71154   0.74519   0.59375   0.61058   0.76202   0.72837   0.61058   0.56010
   0.91346   0.71154   0.81250   1.00000   0.71154   0.71154   0.74519   0.87981
   1.00000   1.00000   1.00000   1.00000   1.00000   1.00000   1.00000   1.00000
   1.00000   1.00000   1.00000   1.00000   1.00000   1.00000   1.00000   1.00000
   1.00000   1.00000   1.00000   1.00000   1.00000   1.00000   1.00000   1.00000
   1.00000   1.00000   1.00000   1.00000   1.00000   1.00000   1.00000   1.00000
   0.00000   0.00000   0.00000   0.00000   0.00000   0.00000   0.00000   0.00000
   0.00000   0.00000   0.00000   0.00000   0.00000   0.00000   0.00000   0.00000
   1.00000   1.00000   1.00000   1.00000   1.00000   1.00000   1.00000   1.00000

 Columns 17 through 24:

   1.00000   1.00000   1.00000   1.00000   1.00000   1.00000   1.00000   1.00000
   1.00000   1.00000   1.00000   1.00000   1.00000   1.00000   1.00000   1.00000
   0.00000   0.00000   0.00000   0.00000   0.00000   0.00000   0.00000   0.00000
   0.00000   0.00000   0.00000   0.00000   0.00000   0.00000   0.00000   0.00000
   1.00000   1.00000   1.00000   1.00000   1.00000   1.00000   1.00000   0.79808
   1.00000   1.00000   1.00000   0.91346   0.82692   0.75962   0.71154   0.93269
   0.00000   0.00000   0.00000   0.00000   0.00000   0.00000   0.00000   0.00000
   1.00000   1.00000   1.00000   1.00000   1.00000   1.00000   1.00000   1.00000
   1.00000   1.00000   1.00000   1.00000   1.00000   1.00000   1.00000   1.00000
   1.00000   1.00000   1.00000   1.00000   1.00000   1.00000   1.00000   1.00000
   1.00000   1.00000   1.00000   1.00000   1.00000   1.00000   1.00000   1.00000
   0.62740   0.42548   0.44231   0.67788   0.35817   0.50962   0.54327   0.57692
   0.71154   0.77885   0.64423   0.81250   0.81250   0.77885   0.91346   0.98077
   1.00000   1.00000   1.00000   1.00000   1.00000   1.00000   1.00000   1.00000
   1.00000   1.00000   1.00000   1.00000   1.00000   1.00000   1.00000   1.00000
   1.00000   1.00000   1.00000   1.00000   1.00000   1.00000   1.00000   0.99423
   1.00000   0.96611   1.00000   1.00000   0.99736   1.00000   1.00000   0.95673
   0.00000   0.00000   0.00000   0.00000   0.00000   0.00000   0.00000   0.00000
   0.00000   0.00000   0.00000   0.00000   0.00000   0.00000   0.00000   0.00000
   1.00000   1.00000   1.00000   1.00000   1.00000   1.00000   1.00000   1.00000

 Columns 25 through 32:

   1.00000   1.00000   1.00000   1.00000   1.00000   1.00000   1.00000   1.00000
   1.00000   1.00000   1.00000   1.00000   1.00000   1.00000   1.00000   1.00000
   0.00000   0.00000   0.00000   0.00000   0.00000   0.00000   0.00000   0.00000
   0.00000   0.00000   0.00000   0.00000   0.00000   0.00000   0.00000   0.00000
   0.93269   1.00000   0.97115   0.90385   1.00000   1.00000   1.00000   1.00000
   0.82692   0.77885   0.82692   0.86538   1.00000   1.00000   1.00000   1.00000
   0.00000   0.00000   0.00000   0.00000   0.00000   0.00000   0.00000   0.00000
   1.00000   1.00000   1.00000   1.00000   1.00000   1.00000   1.00000   1.00000
   1.00000   1.00000   1.00000   1.00000   1.00000   1.00000   1.00000   1.00000
   1.00000   1.00000   1.00000   1.00000   1.00000   1.00000   1.00000   1.00000
   1.00000   1.00000   1.00000   1.00000   1.00000   1.00000   1.00000   1.00000
   0.52644   0.17308   0.18990   0.24038   0.62740   0.18990   0.79567   0.30769
   0.94712   0.71154   0.94712   1.00000   0.94712   0.93029   1.00000   0.84615
   1.00000   1.00000   1.00000   1.00000   1.00000   1.00000   1.00000   1.00000
   1.00000   1.00000   1.00000   1.00000   1.00000   1.00000   1.00000   1.00000
   1.00000   1.00000   1.00000   1.00000   1.00000   1.00000   1.00000   1.00000
   0.95673   0.90986   0.95986   0.92861   0.97236   1.00000   0.96923   0.93173
   0.00000   0.00000   0.00000   0.00000   0.00000   0.00000   0.00000   0.00000
   0.00000   0.00000   0.00000   0.00000   0.00000   0.00000   0.00000   0.00000
   1.00000   1.00000   1.00000   1.00000   1.00000   1.00000   1.00000   1.00000

 Columns 33 through 40:

   1.00000   1.00000   1.00000   1.00000   1.00000   1.00000   1.00000   1.00000
   1.00000   1.00000   0.82692   0.70192   0.23077   0.14423   0.69231   0.28846
   0.00000   0.00000   0.00000   0.00000   0.00962   0.00000   0.00000   0.00000
   0.00000   0.00000   0.00000   0.00000   0.00000   0.00000   0.00000   0.00000
   1.00000   1.00000   1.00000   0.65385   0.59615   0.93269   0.00000   0.00000
   1.00000   1.00000   1.00000   1.00000   1.00000   1.00000   1.00000   1.00000
   0.00000   0.00000   0.00000   0.00000   0.00000   0.00000   0.00000   0.00000
   1.00000   1.00000   1.00000   1.00000   1.00000   1.00000   1.00000   1.00000
   1.00000   1.00000   1.00000   1.00000   1.00000   1.00000   1.00000   1.00000
   1.00000   1.00000   1.00000   1.00000   1.00000   1.00000   1.00000   1.00000
   1.00000   1.00000   1.00000   1.00000   1.00000   1.00000   1.00000   1.00000
   0.27404   0.34135   0.50962   0.50962   0.56010   0.81250   1.00000   0.77885
   0.44231   0.40865   1.00000   1.00000   1.00000   1.00000   1.00000   1.00000
   1.00000   1.00000   1.00000   1.00000   1.00000   1.00000   1.00000   1.00000
   1.00000   1.00000   1.00000   1.00000   1.00000   1.00000   1.00000   1.00000
   1.00000   1.00000   1.00000   1.00000   1.00000   1.00000   1.00000   1.00000
   0.85673   0.96298   0.96923   0.98173   0.91611   0.96298   1.00000   1.00000
   0.00000   0.00000   0.00000   0.00000   0.00000   0.00000   0.00000   0.00000
   0.00000   0.00000   0.00000   0.00000   0.00000   0.00000   0.00000   0.00000
   1.00000   1.00000   1.00000   1.00000   1.00000   1.00000   1.00000   0.88942

 Columns 41 through 48:

   1.00000   1.00000   1.00000   1.00000   1.00000   1.00000   1.00000   1.00000
   0.27885   0.31731   0.40385   0.39423   0.35577   0.45192   0.64423   0.53846
   0.00000   0.00962   0.00481   0.00000   0.00000   0.00000   0.00000   0.00000
   0.00000   0.00000   0.00000   0.00000   0.00000   0.00000   0.00000   0.00000
   0.00000   0.00000   0.10577   0.00000   0.62500   0.21154   0.08654   0.10577
   1.00000   1.00000   1.00000   1.00000   1.00000   1.00000   1.00000   1.00000
   0.00000   0.00000   0.00000   0.00000   0.00000   0.00000   0.00000   0.00000
   1.00000   1.00000   0.70769   0.52308   0.61538   0.83077   0.86154   1.00000
   1.00000   1.00000   1.00000   1.00000   1.00000   1.00000   1.00000   1.00000
   1.00000   1.00000   1.00000   1.00000   1.00000   1.00000   1.00000   1.00000
   1.00000   1.00000   1.00000   1.00000   1.00000   1.00000   1.00000   1.00000
   0.52644   0.35817   0.15625   0.57692   0.39183   0.35817   0.45914   0.47596
   1.00000   1.00000   1.00000   1.00000   1.00000   1.00000   1.00000   1.00000
   1.00000   1.00000   1.00000   1.00000   1.00000   1.00000   1.00000   1.00000
   1.00000   1.00000   1.00000   1.00000   1.00000   1.00000   1.00000   1.00000
   1.00000   1.00000   1.00000   1.00000   1.00000   1.00000   1.00000   1.00000
   1.00000   1.00000   1.00000   1.00000   1.00000   1.00000   0.97861   0.99736
   0.00000   0.00000   0.00000   0.00000   0.00000   0.00000   0.00000   0.00000
   0.00000   0.00000   0.00000   0.00000   0.00000   0.00000   0.00000   0.00000
   1.00000   1.00000   1.00000   1.00000   1.00000   1.00000   1.00000   1.00000

 Columns 49 through 54:

   1.00000   1.00000   1.00000   1.00000   1.00000   1.00000
   0.48077   0.42308   0.00000   1.00000   1.00000   1.00000
   0.00000   0.00000   0.00000   0.00000   0.00000   0.00000
   0.00000   0.00000   0.00000   0.00000   0.00000   0.00000
   0.31731   0.43269   0.20192   1.00000   1.00000   1.00000
   1.00000   1.00000   1.00000   1.00000   1.00000   1.00000
   0.00000   0.00000   0.00000   0.00000   0.00000   0.00000
   1.00000   0.98462   0.90769   1.00000   1.00000   1.00000
   1.00000   1.00000   1.00000   1.00000   1.00000   1.00000
   1.00000   1.00000   1.00000   1.00000   1.00000   1.00000
   1.00000   1.00000   1.00000   1.00000   1.00000   1.00000
   1.00000   0.87981   0.87981   0.87981   0.89663   0.99760
   1.00000   1.00000   0.91346   1.00000   1.00000   1.00000
   1.00000   1.00000   1.00000   1.00000   1.00000   1.00000
   1.00000   1.00000   1.00000   1.00000   1.00000   1.00000
   1.00000   1.00000   1.00000   1.00000   1.00000   1.00000
   1.00000   1.00000   1.00000   1.00000   0.94736   1.00000
   0.00000   0.00000   0.00000   0.00000   0.00000   0.00000
   0.00000   0.00000   0.00000   0.00000   0.00000   0.00000
   1.00000   1.00000   1.00000   1.00000   1.00000   1.00000

